10000000100000001000000010000000
10001000100010001000100010001000
11111111111111111111111111111111
10000010000010001000001000001000
10101010101010101010101010101010
10010010100100101001001010010010
10010000000010001001000000001000
10010010010010101001001001001010
10001000100011111000100010001111
00001000100010000000100010001000
11010100010101101101010001010110
10100010100010101010001010001010
10010010010010111001001001001011
01000101100001100100010110000110
01000101100101100100010110010110
10100011001001001010001100100100
10110010001001001011001000100100
10011000100110001001100010011000
10001000101010001000100010101000
10101001101010011010100110101001
10000001010000101010001010100000
10101110101011101010111010101110
10101010111010101010101011101010
10100110101001101010011010100110
10011001001011001001100100101100
10001010001010001000101000101000
10011100100111001001110010011100
10001001011100101000100101110010
10010010011100010010010010010010
10110010001100110000010000111000
11101100111011001110110011101100
10101100101011001010110010101100
10101011011011001010101101101100
11111010111110101111101011111010
10111011101010001011101110101000
11011001010100001101100101010000
10011011101010001001101110101000
