1000000010000000100000001000000010000000100000001000000010000000
1000100010001000100010001000100010001000100010001000100010001000
1111111111111111111111111111111111111111111111111111111111111111
1000001000001000100000100000100010000010000010001000001000001000
1010101010101010101010101010101010101010101010101010101010101010
1001001010010010100100101001001010010010100100101001001010010010
1001000000001000100100000000100010010000000010001001000000001000
1001001001001010100100100100101010010010010010101001001001001010
1000100010001111100010001000111110001000100011111000100010001111
0000100010001000000010001000100000001000100010000000100010001000
1101010001010110110101000101011011010100010101101101010001010110
1010001010001010101000101000101010100010100010101010001010001010
1001001001001011100100100100101110010010010010111001001001001011
0100010110000110010001011000011001000101100001100100010110000110
0100010110010110010001011001011001000101100101100100010110010110
1010001100100100101000110010010010100011001001001010001100100100
1011001000100100101100100010010010110010001001001011001000100100
1001100010011000100110001001100010011000100110001001100010011000
1000100010101000100010001010100010001000101010001000100010101000
1010100110101001101010011010100110101001101010011010100110101001
1000000101000010101000101010000010000001010000101010001010100000
1010111010101110101011101010111010101110101011101010111010101110
1010101011101010101010101110101010101010111010101010101011101010
1010011010100110101001101010011010100110101001101010011010100110
1001100100101100100110010010110010011001001011001001100100101100
1000101000101000100010100010100010001010001010001000101000101000
1001110010011100100111001001110010011100100111001001110010011100
1000100101110010100010010111001010001001011100101000100101110010
1001001001110001001001001001001010010010011100010010010010010010
1000000000000000100000000000000010000000000000001000000000000000
1000000000001000000000001000000010000000000010000000000010000000
1000001000000000000000001000000010000010000000000000000010000000
1000001000001000001000001000100010000010000010000010000010001000
1000000010000000100000001010101010000000100000001000000010101010
0000000010000000100000001000000000000000100000001000000010000000
1010001000100000001000100010100010100010001000000010001000101000
1000100000001000100000001000100010001000000010001000000010001000
1000001000001000001000001000101010000010000010000010000010001010
0010000000100010100000000010100000100000001000101000000000101000
0010000000100010100000100010100000100000001000101000001000101000
1000100000001010000010000010000010001000000010100000100000100000
1000101000001000000010000010000010001010000010000000100000100000
1000001010000000100000101000000010000010100000001000001010000000
1000000010000000100010001000000010000000100000001000100010000000
1000100010000010100010001000001010001000100000101000100010000010
1000000000000010001000000000100010001000000010001000100000000000
1000100010001000101010001000100010001000100010001010100010001000
1000100000101000100010000010100010001000001010001000100000101000
1000001010000010000010001010000010000010100000100000100010100000
1000000010001000000010001000000010000000100010000000100010000000
1000001010100000100000101010000010000010101000001000001010100000
1000000010000010001010100000100010000000100000100010101000001000
1000001000001000001010100000001000001000001000001000001000001000
